name,pagerank,rank
Ana Marcela Cunha,0.0808520663512044,1
Rachele Bruni,0.058301026937668296,2
Arianna Bridi,0.05650809629733277,3
Leonie Beck,0.048624462871793256,4
Haley Anderson,0.04621617531019075,5
Sharon Van Rouwendaal,0.037247502423130026,6
Kareena Lee,0.03225226647766543,7
Finnia Wunram,0.03059241823514995,8
Xin Xin,0.030411998573482524,9
Lara Grangeon De Villele,0.025880557666236433,10
Aurelie Muller,0.01998666283754739,11
Giulia Gabbrielleschi,0.017216386016232713,12
Samantha Arevalo,0.016397160065509182,13
Ashley Twichell,0.015576809228730667,14
Angelica Andre,0.01522843080678022,15
Anna Olasz,0.014243542760429679,16
Esmee Vermeulen,0.012679196183183509,17
Viviane Jungblut,0.010636015526098455,18
Martina De Memme,0.010530883019519897,19
Lea Boy,0.009553978511389774,20
Paula Ruiz Bravo,0.00948758237731618,21
Hannah Moore,0.009080738851702706,22
Chelsea Gubecka,0.008674066385439333,23
Yawen Hou,0.008243553991818864,24
Alice Dearing,0.007710883387477846,25
Oceane Cassignol,0.006838310391009223,26
Danielle Huskisson,0.006531589732832726,27
Alena Benesova,0.006458147853637353,28
Reka Rohacs,0.0062735023239573655,29
Chloe Gubecka,0.005618015515417213,30
Onon Katalin Somenek,0.005523420877412027,31
Barbara Pozzobon,0.0053231675817724915,32
Yumi Kida,0.005318615307132134,33
Maria De Valdes,0.004883501577353269,34
Mackenzie Brazier,0.004735481120016241,35
Angela Maurer,0.0045459435111635535,36
Caroline Laure Jouisse,0.0041772999989304815,37
Spela Perse,0.004149160922811004,38
Fuwei Dong,0.003964138791074238,39
Yukimi Moriyama,0.003918455943789725,40
Svenja Zihsler,0.003529514114393234,41
Lisa Pou,0.003522143937120355,42
Erica Sullivan,0.0034926341753698147,43
Kalliopi Araouzou,0.0034501046218538695,44
Minami Niikura,0.0034373011107742004,45
Maria Bramont-Arias,0.0033885649691696986,46
Eva Fabian,0.003360975212287121,47
Ellen Olsson,0.0031630775702877973,48
Valeriia Ermakova,0.0031471401510155704,49
Jeannette Spiwoks,0.0031341646182258633,50
Katy Campbell,0.0031233659280540194,51
Melinda Novoszath,0.002923500152791395,52
Anastasiia Krapivina,0.0028819690326112373,53
Mariia Novikova,0.0028714753218655603,54
Sarah Bosslet,0.0028699304918298036,55
Muran Tian,0.002761395757969893,56
Chase Travis,0.00268556775551602,57
Morgane Dornic,0.0025180973336778054,58
Sofia Kolesnikova,0.0023915628631815786,59
Adeline Furst,0.0023912750330426762,60
Stephanie Horner,0.002387107616665763,61
Serena Stel,0.002363379049558301,62
Julia Arino,0.002356886854814968,63
Krystyna Panchishko,0.0023496824730383126,64
Cecilia Biagioli,0.002332017450937391,65
Ginevra Taddeucci,0.002118592952450688,66
Madisyn Armstrong,0.0021009435873394562,67
Veronica Santoni,0.002071532072371025,68
Eden Girloanta,0.0019657579119392588,69
Madelon Catteau,0.0019450979822328777,70
Justyna Burska,0.0018364308664916961,71
Lenka Sterbova,0.0018011798295769995,72
Michelle Weber,0.0017846630260663623,73
Maria Babkina,0.0017599033040335771,74
Mafalda Rosa,0.0017423659471192186,75
Olga Kozydub,0.001702470691620806,76
Maisie Emily Macartney,0.0016697574186786864,77
Maria Vilas,0.0016268586753644537,78
Claire Six,0.0015805665195469886,79
Alice Franco,0.0015551417382887564,80
Ekaterina Sorokina,0.0015344505786041972,81
Aurora Ponsele,0.0015260441368212794,82
Helvina Huet,0.0015167912171836556,83
Nikolett Szilagyi,0.0014830010549618067,84
Ilona Maille,0.0014410294026468212,85
Yana Kurtseva,0.0013964791007186387,86
Celia Heurtaux,0.0013768282311185675,87
Daria Volobueva,0.0013619952462522369,88
Martina Grimaldi,0.0013554723730863677,89
Siyu Yan,0.0013387675012955145,90
Becca Mann,0.0012967344670766444,91
Nolwenn Nunes,0.0012872856097266346,92
Romina Soledad Imwinkelried,0.0012583164072505115,93
Kate Farley Sanderson,0.0012502299304349251,94
Claudia Giralt Pidemont,0.001249567240165582,95
Silvia Ciccarella,0.001233202665862432,96
Elise Houllier,0.0011970956470277322,97
Lean Cabon,0.0011654555700374319,98
Anastasia Basalduk,0.0011616109015440928,99
Carla Goyanes Garcia,0.0011456830599876925,100
Alisia Tettamanzi,0.0010993160954512722,101
Anna Fave,0.0010906984797751855,102
Luca Vas,0.0010594557884459677,103
Emma Onolfo,0.0010427534127727494,104
Fraenzi Heinrich,0.0009995507897314544,105
Pilar Geijo,0.0009917169779589826,106
Vivien Balogh,0.000990518678865996,107
Fang Qu,0.0009678842877976194,108
Anastasiia Kirpichnikova,0.0009633718275800836,109
Janka Juhasz,0.000961017699413695,110
Emily Clarke,0.0009579100610142924,111
Xu Chu,0.0009525087630847999,112
Jazmin Carlin,0.0009435010315662607,113
Chantel Lily Jeffrey,0.0009412572288782649,114
Judith Navarro Silvestre,0.0009386834168735665,115
Nataly Caldas Calle,0.0009297762477871662,116
Lucie Zubalikova,0.0009139171502913447,117
Daria Kulik,0.0009131268303839419,118
Laura Rodriguez Santaularia,0.000899206526637394,119
Tsz Yin Nip,0.0008845216912377354,120
Alisa Skorniakova,0.0008570507327420996,121
Betina Lorscheitter,0.0008304616378463851,122
Marij Van Der Mast,0.0008275125009176193,123
Nora Naessens,0.00081602434236035,124
Martha Sandoval,0.0008153438983824059,125
Polina Kharitonova,0.0007843153561056699,126
Bianca Crisp,0.0007770807498983596,127
Kiah Melverton,0.0007765581281334389,128
Martha Aguilar Ortega,0.0007686454896761437,129
Chloe Green,0.0007622537039177174,130
Polly Isabella Holden,0.0007607076676666137,131
Veronika Nikulina,0.0007577960549206393,132
Laerke Toft Ruby,0.0007408994203825156,133
Alice Bataille,0.0007328929917728862,134
Sabryna Lavoie,0.0007286376945134551,135
Cherelle Tahnee Oestringer,0.0007275611930627405,136
Mariana Mendes,0.0007268931478789471,137
Céleste Vereecke,0.0007234482102598674,138
Mira Szimcsak,0.0007086039679644047,139
Li-Shan Chantal Liew,0.000704315630888424,140
Julie Pleskotova,0.0006923612331602488,141
Andrea Dominguez Casabella,0.0006856690253248502,142
Anastasiia Kostyleva,0.0006852102592328448,143
Isabella Rongione,0.0006824766733655783,144
Clara Andreea Spanu,0.0006789672985503834,145
Vasiliki Kadoglu,0.0006775244417660665,146
Lou-Anne Barniet,0.0006701764763177828,147
Emilie Cahuzac,0.0006665568181712358,148
Anna Egorova,0.0006659211471991318,149
Petra Mijic,0.0006610397318980657,150
Linda Ungerboeck,0.0006536974056637235,151
Emma Calvo,0.0006510729648363046,152
Anna Mankevich,0.0006447837631724596,153
Sofia Vakhrusheva,0.0006357705828370437,154
Mahina Nicole Valdivia Dannenberg,0.0006277616173552685,155
Anna Brendstrup,0.000625201955818016,156
Louise Culty,0.0006218059552987366,157
Chaya Simone Zabludoff,0.0006207212365946102,158
Manoella Barbosa,0.0006201576983115287,159
Eva Vilar Yebra,0.00061904587662976,160
Marie-Laurence Lortie,0.0006138673228256305,161
Paola Perez,0.00061306652969034,162
Martina Rita Caramignoli,0.0006127621957508623,163
Robyn Kinghorn,0.0006020847656036602,164
Poliana Okimoto Cintra,0.0005983040919343154,165
Breanne Emma Joan Siwicki,0.0005962872427299208,166
Souad Nefissa Cherouati,0.0005945450404817245,167
Mélie Boulianne,0.0005929858596309128,168
Margaux Guillaume,0.0005900373392986906,169
Marta Garzon Siles,0.0005890563753213466,170
Andrea Terriault,0.0005873795424114596,171
Erika Yenssen,0.0005818583066135275,172
Elea Linka,0.0005814936091343501,173
Lilou Ambrass,0.0005814909023933939,174
Ci Chen,0.0005785570903753164,175
Aroa Silva Fidalgo,0.0005785103396316063,176
Marina Castro Atalaya,0.0005744740898377814,177
Jordan White,0.0005724762626799703,178
Kenna Delaney Godfrey Smallegange,0.0005707672269051249,179
Solene Cousseau,0.0005704701130217473,180
Kincso Gal,0.0005685812676582806,181
Vania Neves,0.0005658565841748115,182
Maiana Flament,0.0005618924866358714,183
Alexia Bouteilly,0.000559894016521441,184
Charlotte Webby,0.0005589538726814067,185
Mikayla Messer,0.0005573278450405378,186
Shan Lei,0.0005571617107315509,187
Marie-Amélie Henriet,0.0005495222696686106,188
Karolina Dubcakova,0.0005487106203958649,189
Mia Desjarlais,0.000547334626166627,190
Carmen Mikusova,0.0005369794987288826,191
Maria Claro Martinez,0.000535849728552937,192
Camille Cottier,0.000533862222845983,193
Sandy Atef,0.0005338315639762956,194
Xeniya Romanchuk,0.0005331513043318909,195
Stephanie Houtman,0.0005321085167333542,196
Jade Dusablon,0.0005303451572744174,197
Yi-Chen Wang,0.0005276495584616223,198
Audrey Robert,0.0005247590188563156,199
Hsin-Yi Fang,0.00052371914145811,200
Sun Jia Sun,0.000523122389807427,201
Candela Sanchez Lora,0.0005231076121108233,202
Jackie Gade,0.0005221826589439921,203
Ilaria Raimondi,0.0005208833146669918,204
Chloé Stutel,0.0005171862373037068,205
Elizaveta Anufrieva,0.0005171138907553305,206
Yumi Tou,0.0005167805117126806,207
Maryna Kyryk,0.0005149499607225146,208
Laura Burycz,0.0005107883549480683,209
Antonia Bulicic,0.0005094031779685796,210
Leah Crisp,0.0005068469773146999,211
Hayley Pike,0.0005054703474568667,212
Ane De La Fuente Fiano,0.0005054346704895288,213
Liliana Hernandez,0.000502941107093683,214
Coline Coraboeuf,0.0005012101185215034,215
Polina Yuzofenko,0.0004997502365059586,216
Hitomi Okamura,0.0004969767025299558,217
Kaylee De Jong,0.0004959079861899007,218
Avital Flishman,0.0004946926202009487,219
Runa Kasahara,0.0004946854502557904,220
Reka Fehervari,0.0004942764090435362,221
Alissia Montebrun,0.0004932985369535113,222
Xiaoxiao Niu,0.0004931783770515634,223
Anais Jarraud,0.0004906396642816139,224
Vicenia Navarro,0.0004904568581448124,225
Martina Oriozabala,0.0004897361700041934,226
Daphnée Demers,0.0004890634457535471,227
Emma Cocheteux,0.00048671395321458317,228
Adel Juhasz,0.0004853635776373824,229
Aricia Peree,0.00048132327673362427,230
Maëlys Fourmy,0.0004798035201755008,231
Josephine Tesch,0.0004790875996991676,232
Inès Idier,0.0004778829975427367,233
Cho Ying Wong,0.00047768097774968045,234
Yi Chen Hsieh,0.0004776087714980278,235
Ka Ching Leung,0.00047666888103073185,236
Veronika Petrekova,0.0004759743103810363,237
Luomeng Ren,0.0004750528353170923,238
Margaux Bouteloup,0.0004744243395410486,239
Miriam Frass,0.00047304372621719785,240
Lucie Sebestova,0.0004720661279608462,241
Greta Szilvasi,0.0004715400596657513,242
Mariah Denigan,0.0004679939080247886,243
Evdokia Kritikou,0.0004671877213421826,244
Agathe Henry,0.00046687683050484075,245
Ru Yi Yu,0.00046413905548706115,246
Mia Englender,0.0004618910740255345,247
Pac Tung Nikita Lam,0.00046107091742254576,248
Karolina Balazikova,0.0004599291848739771,249
Emma Bruneau,0.000458540626229079,250
Clémence Coccordano,0.00045850582895800077,251
Valentina Barbosa,0.0004539783792496634,252
Daira Marin,0.00044846030942198535,253
Alexia Saurel,0.00044823532975154373,254
Adel Farkas,0.0004470077295433441,255
Rui An Kuo,0.0004460154264957141,256
Jiake Sun,0.0004454334558405866,257
Elea Perigueux,0.00044404351418019417,258
Sarah Moreau,0.00044115994223204054,259
Mor Jacob,0.00044073283525860213,260
Hilal Zeyneb Sarac,0.0004391054205650569,261
Ekaterina Zotova,0.0004390389469673825,262
Lou Joly,0.00043813210098016893,263
Fatima Flores,0.0004369252675833835,264
Alexandra Bougie,0.0004357803800512028,265
Heidi Ullrich,0.00043455512239950393,266
Aide Lourdes Sandoval Ayala,0.00043403595984709155,267
Lily Smith,0.000432389328388572,268
Catherine Francis Van Rensburg,0.0004318120383039157,269
Laura Dressayre,0.00043154973723128203,270
Mariya Fedotova,0.00043057090122900133,271
Annet Borsi,0.00043053517608267325,272
Pimpun Choopong,0.0004304293534080375,273
Cathryn Salladin,0.00042947249136960947,274
Sara Veress,0.00042870432407754065,275
Lucile Mouret,0.00042799858482053804,276
Katawan Teeka,0.00042794732446278664,277
Jia Yi Lu,0.00042769110712367273,278
Maria Jose Mata Cocco,0.0004247991511575442,279
Yanci Vanegas,0.00042380514674851197,280
Charlotte Perrin,0.00042292859000764467,281
Dora Sztankovics,0.0004226941253431686,282
Sherine Bouftini,0.0004220326312465852,283
Heidi Gan,0.00042186015209259224,284
Sarah Demicoli,0.00042011531529341495,285
Rosalie Levesque Pero,0.0004195110005413829,286
Maina Guillemin,0.00041674547395455724,287
Catalina Berraud,0.00041665164335831143,288
Szu-An Chen,0.00041453504109618744,289
Rita Vanesa Garcia,0.00041382943900344406,290
Alexane Cormier,0.00041355292916321845,291
Norah Vigouroux,0.000411600385368985,292
Jingcen Hao,0.000410536784913381,293
Eva Bonnet,0.00040936588578294615,294
Joanne Pladys,0.0004077760025302848,295
Jelena Jecanski,0.00040762225296400424,296
Christine Ekman,0.00040760794692131115,297
Sheung Wai Ho,0.0004072859237115163,298
Jessica Lavin,0.00040706605160770935,299
Dayoun Lim,0.0004066069876403663,300
Alizée Marbais,0.000406591568721384,301
Emilia Sansome,0.00040553366644559036,302
Hoi Man Lok,0.00040485509827834057,303
Ruthseli Guadalupe Aponte Teran,0.0004047273929977839,304
Stefannie Gillespie,0.0004039640360510877,305
Joanna Zachoszcz,0.00040344995453676387,306
Shelly Dekel,0.000403341249957713,307
Scarlett Botes,0.000403248183350346,308
Mayte Puca,0.00040324009281293813,309
Morgane Garcia,0.0004029131550711713,310
Pauline Dauvin,0.0004017135422473311,311
Dania Belisle,0.0004014810294170647,312
Emilie Sansome,0.0003995768697781353,313
Esther Rydbeck Norden,0.0003995065156823712,314
Marit Anderson,0.0003985274495692201,315
Emma Lebre,0.00039841535607923077,316
Gabrielle Savard,0.00039817443569769906,317
Sandra Frimerman-Bergquist,0.000398152516666794,318
Nikoletta Kiss,0.00039692666141840917,319
Maggie Wallace,0.00039669308583255877,320
Yuen Koike,0.0003952161515389551,321
Olivia Mascarin,0.0003950852830778541,322
Haeun Jung,0.0003946333757277518,323
Doris Beros,0.0003944761830312367,324
Aurianne Regi,0.00039299420151439705,325
Bar Goldin,0.00039262374180019574,326
Audrenn Foiny,0.00039061579209472453,327
Léa Cepeck,0.00039033954754436496,328
Noah Bondouy,0.00039010278934187824,329
Tal Ashkenazi,0.0003897309501329331,330
Fabianalamberti,0.0003872961484840137,331
Marine Boudes,0.00038621741076784336,332
Reem Kaseem,0.0003860453648090515,333
Aleyna Nur Sungur,0.0003856355778535667,334
Caiping Yang,0.0003855373504962673,335
Shiyue Cao,0.00038547643459615187,336
Daria Klimova,0.00038532334580291416,337
Jie Chuan Tseng,0.00038432332454367904,338
Mathilde Lombard,0.00038275296748790244,339
Ines Idier,0.0003825878828266437,340
Franzi Heinrich,0.00038189963514881223,341
Seonjae Ban,0.00038142513318116815,342
Jada Chatoor,0.0003812353110328008,343
Paguypha Leelahanon,0.0003810296201933928,344
Yakut Ayse Yaprak,0.00038064519679658303,345
Brooke Switzer,0.00037977849705831415,346
Megan De Wet,0.0003784997741333925,347
Chloé Lisik,0.0003775186058516614,348
Hannah Hang Fung Li,0.0003772036327753418,349
Orian Gablan,0.0003771841074214935,350
Eden Nimri,0.0003770065134341426,351
Catia Iordan Agostinho,0.0003768610944334145,352
Mia Yamamoto,0.00037599290912808983,353
Nadia Blaauw,0.0003757503641811254,354
Nina Rakhimova,0.0003750073034427425,355
Hita Nayak,0.00037485835123868505,356
Victoria Mori,0.00037368527827735657,357
Heba Elkhouly,0.0003735853889849318,358
Janna De Vries Lize,0.0003731137300757208,359
Sasha-Lee Nordengen-Corris,0.0003730026811594495,360
Jeongmin Lee,0.0003727261918329536,361
Nikitha Setru Venugopal,0.0003722668621832505,362
Marion Joffle,0.0003721493963724461,363
Nada Osman,0.0003721331895881809,364
Julia Nina,0.00037102773888257926,365
Sofie Frichot,0.000370916865210471,366
Guy Shlegel,0.0003697213259509281,367
Hanna Bakuniak,0.00036962048717756145,368
Emma Leu,0.000369364719507773,369
Pavlina Soukupova,0.00036896057898201776,370
Phoebe Louise Griffiths,0.0003688989312838562,371
Perrine Courbet,0.0003688192016685816,372
Lila Langlais,0.0003687005854860519,373
Neeranuch Ponglangka,0.000368500436586241,374
Léa Dubois,0.00036818782840109405,375
Jess Booth,0.00036752920433428854,376
Patricia Guerrero,0.000367340512180391,377
Camila Mercado,0.0003670193936152812,378
Anita Metelnytskyy,0.0003666188408112394,379
Caitlin Nolan,0.000366585058698677,380
Ting Yu Chan,0.0003660219802315942,381
Merle Liivand,0.0003658948131055346,382
Hannah Blackwood,0.0003655006353220956,383
Emilie Anne,0.00036463081895195124,384
Charline Mace,0.00036436918232277127,385
Maëlys Fardeau,0.0003643169100016607,386
Ofir Rabina,0.0003631535685922781,387
Ana Abad,0.00036204387823774136,388
Inis Idier,0.0003614835974952583,389
Kiara Barnes,0.00036079001472352144,390
Camille Bouteloup,0.00036053348471940487,391
Catarina Cucatti Ganzeli,0.0003605024943275641,392
Genesis Rojas,0.00036016137219450634,393
Amica De Jager,0.0003595924083765763,394
Fanni Kun-Szabo,0.0003592290513108945,395
Cho Yiu Kwok,0.0003590881087236505,396
Dandan Yang,0.0003590305165633495,397
Aurelie Holschneider,0.00035877726785366114,398
Raquel Duran,0.0003586190360561559,399
Celeste Vereecke,0.0003580404372832374,400
Catarinaganyeuli,0.0003569546177514829,401
Cindy Toscano,0.000356834542781231,402
Dana Khaled Abdelmoneim Akl,0.000356834542781231,403
Leona Coha,0.000356834542781231,404
Shira Elbazis,0.000356834542781231,405
Nicole Oliva,0.000356834542781231,406
Liane Muller,0.000356834542781231,407
Sude Nur Sucan,0.000356834542781231,408
Anne-Catherine Savaria,0.000356834542781231,409
Kathriana Gustianjani,0.000356834542781231,410
Gwenaelle Plonquet-Thibault,0.000356834542781231,411
Nikita Lam Pac Tung,0.000356834542781231,412
Warisara Khaengkun,0.000356834542781231,413
Dorka Betlehem,0.000356834542781231,414
Maeve Garreau,0.000356834542781231,415
Rachel Wothrich,0.000356834542781231,416
Elise Bolger,0.000356834542781231,417
Jill Reich,0.000356834542781231,418
Fatima Portillo,0.000356834542781231,419
Samira-Svea Erhart,0.000356834542781231,420
Ivana Prizmic,0.000356834542781231,421
Gabriela Martins Scrooby,0.000356834542781231,422
Antonija Bulicic,0.000356834542781231,423
May Levy,0.000356834542781231,424
